 100 96 93 85 84 83 94 92 89 9 17 19 29 25 3 1 75 8 97 95 98 99 2 6 5 0 90 4 20 23 30 66 69 67 53 44 68 64 80 73 55 43 22 46 11 13 12 16 18 24 26 28 91 86 88 87 7 10 21 36 33 32 52 50 40 41 48 47 45 42 62 61 63 74 65 51 39 34 31 49 54 59 57 60 58 56 72 79 71 77 76 70 81 78 82 14 15 38 37 35 27 
 77 80 78 53 40 48 69 61 41 100 95 92 94 96 93 5 90 84 1 4 8 3 91 87 63 68 64 79 73 71 81 88 98 12 16 19 9 18 26 23 27 75 99 97 14 15 34 36 28 22 11 7 29 30 52 45 50 20 24 55 58 56 60 59 0 25 21 42 43 49 46 47 51 66 86 83 85 89 2 6 10 13 17 67 62 57 54 44 32 33 35 37 31 38 39 65 74 72 70 76 82 
 38 39 55 74 53 59 72 62 67 3 8 6 2 99 92 94 93 100 97 70 73 88 86 83 61 65 35 32 33 15 14 9 7 24 46 54 56 77 76 90 85 75 34 36 31 27 25 41 50 48 51 40 68 66 63 21 22 44 23 10 98 89 78 81 79 80 71 82 96 95 4 5 1 12 19 18 17 13 16 43 49 60 58 57 64 69 0 28 11 30 26 20 29 45 42 47 52 84 87 91 37 
 41 68 89 88 10 25 39 34 31 32 30 28 14 13 98 100 83 67 65 43 50 29 35 56 55 61 47 52 42 44 64 63 93 92 85 86 82 53 59 54 72 81 79 70 76 9 11 16 38 37 23 27 8 22 18 19 12 15 17 24 20 40 45 46 51 48 60 58 57 74 62 78 73 71 77 80 66 0 95 94 96 97 3 1 99 21 69 49 33 36 26 5 6 2 75 7 4 90 84 91 87 
 94 97 15 17 70 78 88 89 9 21 24 16 14 12 1 90 86 87 85 92 100 98 83 82 84 71 79 93 95 96 99 3 10 7 4 8 6 91 5 43 46 48 29 63 67 65 74 69 56 60 58 59 45 50 22 20 26 75 0 38 31 37 35 18 19 13 2 11 28 30 34 39 36 32 33 57 54 53 62 27 25 23 52 44 47 40 51 41 49 42 55 68 66 64 61 72 80 77 76 73 81 
 13 10 18 14 17 3 90 100 5 11 37 34 31 42 23 28 26 85 89 82 91 93 92 96 97 95 9 20 46 47 64 65 67 36 32 27 8 75 2 87 84 0 57 74 63 21 19 16 98 94 1 7 6 99 88 72 69 62 53 60 51 61 68 43 45 40 49 30 33 39 52 55 41 56 58 54 59 44 22 24 25 29 35 38 48 50 83 86 78 70 76 80 79 81 77 71 73 66 4 12 15 
 34 33 35 37 28 48 51 55 64 63 74 65 72 60 41 62 66 61 38 31 29 20 21 26 22 59 57 58 91 97 94 67 69 68 0 7 30 14 19 24 32 39 52 43 56 53 54 25 23 36 10 86 88 84 5 2 1 83 85 82 87 3 46 45 42 50 44 40 47 49 16 18 15 17 13 9 4 92 93 95 90 89 98 12 6 75 8 11 99 100 96 80 81 79 73 70 78 76 71 77 27 
 64 79 77 84 85 98 93 92 88 97 1 7 81 70 71 78 73 80 76 27 22 24 25 23 32 50 31 33 35 38 39 36 37 63 2 9 11 100 3 18 34 26 30 29 65 61 74 90 89 82 83 19 12 75 68 51 52 47 0 21 20 17 10 6 5 99 96 94 95 8 40 41 46 48 56 42 45 28 15 14 16 13 4 91 87 86 44 49 43 67 72 58 59 60 53 54 69 66 62 55 57 
 24 97 92 99 100 89 91 87 8 12 19 18 16 3 1 85 76 70 73 81 78 90 88 43 41 44 66 86 82 80 79 77 71 84 83 93 98 96 95 94 0 30 26 34 37 38 25 50 21 52 46 42 47 40 45 49 61 62 27 22 10 20 74 63 65 64 56 53 55 57 60 54 72 69 48 51 13 15 14 4 5 7 6 9 68 67 59 58 11 75 2 29 28 23 17 32 31 35 33 39 36 
 5 99 97 43 58 66 17 13 18 27 51 45 68 64 62 87 95 93 0 20 36 42 46 48 44 69 47 63 74 72 61 65 55 67 82 90 89 91 2 1 11 16 12 19 14 15 8 75 22 26 30 25 28 21 23 24 49 4 6 7 94 92 29 34 38 31 32 60 76 77 70 81 41 40 59 56 53 54 50 52 9 10 98 100 96 88 80 78 71 83 86 84 85 79 73 57 35 37 39 33 3 
