2316.2927352845113	9.0	
2303.431007854443	9.0	
2466.4253126384615	9.0	
2354.232738995374	9.0	
2174.5509403387964	9.0	
2267.5104435469025	9.0	
2316.4874777620175	9.0	
2372.8085336501713	9.0	
2258.192709246962	9.0	
2313.7656334482954	9.0	
2265.675236448454	9.0	
2333.805643450752	9.0	
2319.753835979977	9.0	
2293.719443520556	9.0	
2272.7118652824183	9.0	
2292.608237738687	9.0	
2025.53340674759	9.0	
2266.9938630993174	9.0	
2363.699102000743	9.0	
2430.656199387828	9.0	
2337.1095809112167	9.0	
2322.401034488037	9.0	
2430.517999664927	9.0	
2279.6832833837384	9.0	
2340.785461431586	9.0	
2514.7743145342506	9.0	
2134.728593508578	9.0	
2065.2401460939	9.0	
2372.4005180059376	9.0	
2311.1751683996804	9.0	
2413.0060940836443	9.0	
2287.2577311058985	9.0	
2182.595676969971	9.0	
2484.3736537878463	9.0	
2168.466755985821	9.0	
2370.0700111345805	9.0	
2185.635320441054	9.0	
2320.9876747543826	9.0	
2273.357426562665	9.0	
2335.3492269453977	9.0	
2317.6585276404535	9.0	
2348.443407560504	9.0	
2553.497941218866	9.0	
2254.72203833684	9.0	
2269.1720607027664	9.0	
2403.688659473277	9.0	
2217.074278251965	9.0	
2391.3930148914255	9.0	
2149.604055039676	9.0	
2433.419515364348	9.0	
2322.541567716157	9.0	
2362.63076677678	9.0	
2471.8245041015416	9.0	
2279.636221473771	9.0	
2382.1942404755305	9.0	
2105.181799433484	9.0	
2308.236385723194	9.0	
2449.6839826506957	9.0	
2298.7280336163244	9.0	
2343.565399137613	9.0	
2391.7995331022744	9.0	
2277.584202982245	9.0	
2169.136809158821	9.0	
2195.1863988382956	9.0	
2246.5336853260615	9.0	
2496.118290592922	9.0	
2309.190877490138	9.0	
2181.1630488129676	9.0	
2272.4611019967483	9.0	
2308.3400747714813	9.0	
2289.340637331968	9.0	
2313.537598664756	9.0	
2310.3023541371713	9.0	
2197.6894866137286	9.0	
2298.525492590779	9.0	
2517.624180210504	9.0	
2141.8586848670166	9.0	
2484.92008662112	9.0	
2241.850908553093	9.0	
2373.181116182057	9.0	
2106.7878945208963	9.0	
2106.7878945208963	9.0	
2248.4814346916437	9.0	
2083.4601260202453	9.0	
2035.6682393574151	9.0	
2035.6682393574151	9.0	
2143.742585993127	9.0	
2197.5214851569904	9.0	
2101.125301364031	9.0	
2052.402471964767	9.0	
2137.69859194758	9.0	
2137.69859194758	9.0	
2137.69859194758	9.0	
2021.468524929876	9.0	
2196.650216938241	9.0	
2177.742162735827	9.0	
2128.271123509822	9.0	
2190.900102990166	9.0	
2035.0246851549014	9.0	
2224.4647080427644	9.0	
2224.4647080427644	9.0	
2262.1604824737997	9.0	
2262.1604824737997	9.0	
2352.569376076688	9.0	
2141.661657853613	9.0	
2199.9063360422892	9.0	
