 2 11 60 72 43 22 24 23 63 86 84 89 85 69 57 78 88 67 55 51 27 34 31 54 20 32 65 28 10 50 52 38 18 12 13 4 5 39 0 68 59 62 64 82 76 70 71 53 97 93 90 91 7 61 42 73 80 77 74 98 94 100 79 81 83 8 66 56 58 36 33 29 26 21 37 47 45 40 46 49 35 25 48 75 99 92 87 96 9 1 15 17 41 44 30 3 95 6 16 19 14 
 20 95 94 91 86 66 29 31 38 19 13 92 2 30 0 23 5 6 85 89 98 50 44 35 33 74 61 64 69 60 55 58 62 41 87 9 99 63 84 39 51 22 28 12 78 73 70 72 67 81 59 46 37 34 42 52 68 17 14 16 15 18 88 83 93 97 65 76 75 77 79 71 80 82 96 24 90 54 56 53 57 45 40 10 11 27 43 25 21 49 48 32 36 8 26 100 4 1 3 7 47 
 95 97 79 92 94 1 100 99 11 4 91 9 2 98 13 15 39 42 51 0 28 44 75 18 41 73 66 63 83 87 76 67 61 69 62 57 49 52 7 12 14 89 96 77 70 81 40 17 25 72 59 45 60 55 56 54 22 3 86 88 85 84 82 46 47 90 48 43 68 5 65 64 34 58 53 50 29 23 33 27 10 32 35 24 74 71 80 78 93 6 37 20 16 8 31 36 38 26 19 30 21 
 85 61 88 29 45 46 37 23 2 96 4 51 50 55 60 39 36 34 71 79 87 67 22 20 97 89 12 15 13 6 5 100 95 92 94 93 14 16 41 24 48 40 68 62 43 31 42 28 19 18 90 84 98 11 53 57 54 35 83 81 80 73 63 69 1 75 7 10 32 59 70 76 77 91 86 0 25 8 82 56 58 66 26 74 72 78 65 21 52 49 27 3 9 17 30 44 38 33 47 64 99 
 84 85 36 22 17 18 31 52 9 7 6 1 3 88 4 25 82 71 65 67 81 76 2 26 21 96 64 42 62 74 68 30 0 34 39 38 37 35 32 29 27 20 91 86 33 72 28 19 10 93 16 12 8 61 66 43 24 11 80 77 53 60 44 41 47 51 49 48 40 63 90 98 14 23 83 87 69 55 56 70 79 78 73 92 97 95 100 99 94 89 5 75 50 13 15 45 57 59 58 54 46 
 25 1 11 29 51 55 31 36 20 40 53 72 78 77 67 24 35 39 89 2 3 100 98 6 84 10 64 44 41 96 94 82 4 97 7 38 49 50 37 33 27 28 65 90 87 83 59 69 68 57 62 74 66 73 76 70 56 45 80 81 91 13 18 15 14 17 26 75 9 88 99 30 32 23 21 5 0 34 16 12 19 52 43 48 46 47 54 60 58 42 8 93 92 85 79 86 63 61 71 95 22 
 27 36 10 8 2 90 1 89 96 97 100 23 33 26 35 43 81 73 74 16 49 21 24 30 31 68 0 6 25 54 56 53 61 69 82 58 60 46 42 64 63 85 3 57 93 94 75 62 22 28 41 45 47 51 65 50 67 84 70 77 71 78 76 99 91 87 79 66 80 83 72 40 34 11 98 86 44 52 32 4 95 92 88 55 59 37 38 13 9 7 14 19 15 12 5 20 48 39 18 17 29 
 20 91 76 42 82 83 72 33 39 36 35 40 54 53 60 66 43 51 68 73 65 84 4 3 46 55 58 45 80 77 62 9 99 26 48 41 98 96 95 38 31 21 49 81 71 0 59 50 27 25 69 74 64 8 32 30 15 18 16 17 75 11 13 56 57 90 70 78 79 87 86 100 94 93 92 10 24 34 22 44 2 6 12 19 14 88 85 29 28 23 5 1 67 61 63 37 52 47 89 97 7 
 63 62 71 82 74 83 19 10 49 24 15 18 12 86 89 100 70 79 73 78 80 76 91 22 11 1 7 33 36 38 34 30 81 77 69 95 57 56 55 68 54 72 67 26 29 25 41 48 39 32 92 96 99 4 5 87 43 45 98 9 3 23 20 50 46 59 90 66 21 52 31 65 44 51 42 40 28 6 2 75 61 53 60 58 64 97 88 93 84 8 0 35 37 17 13 16 14 27 47 94 85 
 97 61 38 29 60 42 51 46 68 25 39 23 40 32 34 35 37 55 76 70 78 71 53 54 58 52 6 4 19 12 27 100 93 91 65 45 50 47 0 85 26 17 13 11 8 20 22 3 96 92 83 57 56 84 21 9 15 31 33 36 75 90 87 98 24 44 69 64 63 74 89 10 14 67 49 62 66 82 5 99 88 81 73 79 80 77 86 72 59 48 1 2 95 7 94 43 41 16 18 28 30 
 47 51 33 35 34 4 83 89 73 71 84 78 76 79 72 59 55 37 29 23 30 17 8 15 19 16 18 100 97 3 11 96 85 2 87 80 98 81 36 24 49 43 41 68 66 86 82 53 58 38 32 39 6 95 92 93 99 90 88 22 21 5 62 77 70 74 13 48 65 69 67 42 61 40 31 56 57 0 26 12 63 46 45 50 52 64 27 1 54 60 44 75 94 9 7 10 91 28 25 20 14 
 52 41 48 87 86 84 0 49 73 71 95 100 9 5 22 21 28 29 43 40 96 85 90 11 10 12 89 82 6 13 25 26 67 44 97 3 17 15 19 24 53 59 46 66 94 98 32 36 37 14 16 2 75 4 65 45 63 91 83 79 55 64 69 1 92 93 99 18 74 8 56 47 42 50 54 60 61 23 7 58 51 72 81 70 80 77 20 30 34 39 27 57 68 88 78 76 62 35 33 31 38 
 60 56 55 72 93 5 100 24 91 88 99 94 97 28 41 65 67 42 40 59 58 48 44 64 45 30 89 46 47 43 29 26 84 83 87 20 22 85 71 77 81 63 50 0 73 76 78 9 6 1 3 52 82 86 70 79 80 90 15 7 12 4 66 68 34 27 25 23 18 14 16 61 53 54 39 35 38 32 49 62 31 37 36 13 17 51 69 57 21 10 74 2 11 75 19 96 92 8 33 95 98 
 36 65 77 80 9 2 45 63 37 22 20 57 53 55 72 64 66 68 74 35 51 47 24 32 18 25 27 8 100 4 21 16 14 99 88 84 96 95 3 23 48 67 94 12 17 0 7 5 97 30 26 52 81 76 70 73 69 75 33 34 50 44 38 15 13 19 92 87 82 71 93 85 90 54 60 31 28 86 89 98 91 83 42 43 58 56 6 1 10 11 59 41 61 78 79 62 46 49 40 29 39 
 81 77 79 70 71 73 80 20 50 46 90 87 88 84 86 42 28 10 38 85 52 34 0 8 37 33 39 6 2 7 13 14 16 12 22 51 49 41 61 64 76 78 62 31 65 15 92 94 75 99 19 11 83 23 25 27 32 26 30 91 89 3 9 97 17 93 100 98 4 36 35 58 60 44 48 53 54 5 47 21 40 72 74 82 55 45 57 68 67 69 18 1 96 95 29 66 63 59 56 24 43 
 15 25 20 19 82 83 22 42 46 69 72 74 68 58 56 78 77 73 79 89 100 97 24 33 17 29 38 37 32 59 60 85 91 75 36 39 18 6 44 47 80 40 64 10 43 63 0 65 67 70 71 76 98 95 88 84 94 23 51 49 53 55 54 66 61 57 48 14 50 30 26 21 45 62 86 87 13 12 7 81 1 4 8 3 99 90 93 92 5 96 9 11 28 27 41 16 2 31 52 35 34 
 53 60 57 83 87 67 61 1 86 65 4 2 46 58 64 41 54 55 69 62 43 44 45 56 74 0 20 40 42 38 37 32 90 47 49 29 33 34 35 30 59 68 66 28 52 72 63 77 78 85 7 100 98 24 96 88 97 93 92 95 94 99 89 23 75 21 50 6 18 15 10 9 3 51 22 19 12 14 26 27 36 48 25 11 5 8 31 39 17 13 16 84 91 80 76 70 81 82 79 73 71 
 72 73 70 77 81 86 91 0 3 17 18 67 54 55 38 32 29 33 8 4 1 96 16 19 97 94 95 98 12 47 68 61 42 45 66 25 10 14 75 24 36 39 37 60 40 31 34 99 11 80 62 65 59 53 56 44 35 51 46 50 49 89 83 74 41 27 6 43 23 30 13 22 79 76 71 82 52 63 28 64 69 90 100 5 15 2 21 20 26 9 84 93 92 87 78 48 57 58 88 85 7 
 70 80 77 64 0 63 65 8 3 10 36 34 39 33 52 35 40 94 67 88 44 24 43 55 54 15 5 17 87 73 81 72 32 57 49 37 38 47 31 50 18 19 13 42 59 60 78 71 79 76 98 7 86 89 82 69 56 66 28 20 25 9 90 99 92 1 45 46 22 14 4 48 53 58 62 29 51 68 83 84 11 12 16 91 27 41 30 6 23 26 21 74 61 96 93 2 75 97 100 95 85 
 12 17 16 15 96 99 83 65 28 26 22 25 5 1 47 29 76 80 68 50 69 66 63 61 86 42 51 64 30 20 8 19 34 18 11 93 90 27 46 95 71 72 88 7 91 84 78 79 73 0 23 13 97 82 100 89 35 57 59 48 24 38 39 45 31 56 58 55 74 52 70 85 10 94 75 6 9 3 92 14 36 21 49 43 41 44 62 4 98 87 81 77 53 60 54 40 67 33 32 37 2 
 12 16 42 22 5 75 25 31 39 35 41 64 56 55 44 58 53 83 88 34 33 65 76 70 80 89 92 84 93 87 81 85 72 8 94 90 30 14 19 15 10 1 69 62 54 57 60 37 9 24 26 45 50 28 32 2 96 97 86 98 77 71 100 95 17 23 66 13 18 74 59 51 36 38 52 43 46 21 29 49 47 40 82 99 67 63 78 73 79 0 91 48 68 61 11 20 27 4 6 3 7 
 75 84 85 90 87 71 73 79 78 89 81 69 42 64 40 63 30 13 15 19 17 72 99 100 95 4 8 7 6 74 61 46 55 86 82 97 18 26 1 12 14 9 98 96 22 10 52 32 24 38 77 76 70 3 29 60 44 54 25 20 43 47 65 2 11 28 51 80 83 92 88 5 48 45 34 33 50 27 23 21 94 93 91 66 58 53 68 56 41 16 0 62 35 37 39 31 57 67 59 36 49 
 32 26 95 50 14 98 6 11 72 74 63 58 42 52 64 84 31 19 12 9 10 100 75 93 92 99 86 25 15 4 61 66 69 67 83 82 62 48 39 38 18 13 2 3 85 89 51 30 49 44 57 60 68 23 8 7 16 97 94 88 35 33 34 54 87 90 71 81 70 5 20 29 28 55 47 65 91 53 59 21 17 37 36 24 27 40 56 0 43 22 96 1 45 77 76 73 79 80 78 46 41 
 25 27 57 64 40 51 39 18 17 1 87 82 83 99 89 84 79 73 76 71 77 4 5 11 22 9 8 48 56 54 29 53 42 13 72 62 23 75 16 37 88 90 94 93 96 52 50 59 58 60 49 21 2 95 100 78 81 70 80 65 15 35 38 36 31 30 14 26 28 46 74 0 67 61 66 55 68 44 10 43 63 86 85 20 34 41 91 98 45 69 47 19 3 97 92 24 32 33 12 7 6 
 99 95 90 65 17 14 39 25 8 98 96 100 93 80 76 79 84 66 72 57 22 20 27 28 44 32 52 43 0 1 97 75 6 63 64 46 7 35 31 91 40 55 41 61 47 21 49 42 45 67 87 68 60 9 36 29 34 54 38 37 4 77 73 71 53 58 56 70 81 92 13 10 26 24 23 5 59 11 16 18 15 12 33 30 86 78 83 82 85 94 3 19 2 88 89 62 69 74 48 50 51 
 99 98 4 53 59 61 45 51 37 31 9 76 78 81 92 97 95 87 71 82 8 27 16 13 38 52 89 3 0 34 20 30 39 83 77 70 60 56 46 68 64 32 36 29 33 50 25 80 74 72 24 90 2 18 5 88 93 84 7 75 47 62 55 66 42 57 69 43 23 41 54 58 91 94 85 67 40 44 79 73 63 48 35 49 1 6 96 19 28 21 22 12 17 10 65 11 26 100 86 14 15 
 80 70 93 92 87 77 71 73 20 69 82 78 94 95 11 43 2 12 15 7 89 85 64 41 57 54 40 52 3 1 91 5 0 74 55 65 32 13 26 17 16 21 83 84 90 88 99 75 14 10 98 86 100 96 97 48 33 46 4 6 67 62 63 35 36 61 56 44 72 68 42 50 51 24 23 30 25 29 19 18 9 45 60 53 27 22 8 31 38 37 34 39 49 28 47 66 59 58 79 81 76 
 67 86 83 76 79 71 77 70 73 81 84 1 3 49 43 57 27 42 22 62 69 21 12 100 44 59 64 60 54 68 39 38 35 29 24 31 33 28 18 51 48 99 94 90 4 10 41 61 66 65 56 78 87 2 30 19 14 16 6 93 63 23 17 36 32 34 7 45 47 52 89 74 91 5 8 11 26 25 37 15 13 9 75 46 50 20 0 40 80 53 58 55 72 85 82 98 97 95 96 92 88 
 42 85 69 64 46 61 27 18 37 60 50 14 15 17 51 48 45 47 3 84 83 82 94 92 16 35 39 9 11 10 24 44 34 58 59 95 98 5 2 36 57 32 29 49 96 97 93 99 13 43 21 19 28 41 66 80 71 87 75 4 20 6 12 65 63 72 70 78 73 81 77 7 38 33 0 68 55 54 53 56 52 1 90 100 76 79 86 88 8 30 25 22 23 31 26 62 74 40 91 67 89 
 63 65 94 93 95 14 19 15 82 80 70 73 53 57 24 64 60 85 2 92 98 5 90 87 83 54 29 97 100 86 84 96 10 52 55 40 45 68 46 66 41 7 37 6 12 16 23 28 32 35 31 33 49 8 13 44 69 72 78 89 30 17 75 22 91 88 47 3 77 71 76 79 81 61 48 50 0 39 34 38 36 51 9 58 56 20 25 21 18 1 4 99 11 62 27 26 43 42 67 74 59 
 57 67 2 4 15 18 17 68 82 78 37 1 10 55 64 56 54 97 92 63 43 66 42 83 74 81 79 90 61 51 50 36 39 45 49 40 62 35 38 80 70 77 71 88 6 8 14 28 48 41 52 47 24 22 25 87 3 65 69 44 72 93 94 100 46 34 31 53 60 73 13 7 75 16 27 23 9 19 12 86 76 84 89 85 21 0 20 30 11 5 95 91 26 98 99 96 29 32 33 59 58 
 10 9 92 95 100 32 27 28 42 52 48 24 17 38 33 46 89 85 87 86 70 73 91 57 53 67 68 49 69 56 54 65 82 96 94 6 7 93 14 18 45 41 20 19 8 64 21 29 25 13 3 36 74 44 43 66 11 4 5 1 83 81 78 63 62 51 79 77 76 71 80 58 59 12 99 97 90 88 60 55 98 16 15 23 40 0 26 50 31 22 39 37 35 30 84 2 75 61 72 47 34 
 71 76 78 81 0 87 90 28 26 21 42 9 20 97 93 98 95 89 77 79 80 84 69 10 44 60 51 27 92 100 75 64 68 62 57 49 37 65 6 4 5 88 82 73 70 19 17 12 13 50 40 67 83 72 7 24 25 47 8 43 34 38 39 35 45 46 61 59 66 74 29 15 11 85 3 63 91 96 2 1 22 23 16 86 58 53 56 41 52 48 31 32 33 36 30 18 14 99 94 55 54 
 24 47 53 57 48 67 63 79 70 81 80 49 50 3 0 96 93 56 55 41 69 40 61 94 97 68 72 64 33 27 92 98 65 86 89 85 21 20 43 44 62 37 34 58 78 76 95 83 87 9 23 22 30 42 77 82 26 29 12 45 39 18 5 75 84 88 90 11 100 99 14 13 15 6 73 71 59 51 32 2 66 60 54 74 8 10 1 28 16 25 4 91 52 35 17 19 36 31 38 46 7 
 44 66 92 70 76 78 81 82 69 25 37 39 42 33 38 62 98 11 26 9 6 21 50 29 30 49 27 0 12 15 10 35 55 60 58 28 51 31 17 34 32 36 5 8 13 14 18 19 100 7 87 43 46 57 63 72 68 24 99 93 94 95 64 53 74 85 89 84 23 40 22 20 4 16 97 83 67 65 3 75 47 54 59 56 41 52 45 71 80 79 73 77 61 48 1 2 96 91 86 88 90 
 84 91 85 24 9 7 2 16 18 22 4 1 98 0 29 30 20 66 61 79 81 71 89 88 99 97 86 55 12 5 17 11 14 15 47 65 32 68 69 74 77 70 80 93 94 6 27 51 43 67 53 54 82 83 78 92 100 96 62 63 75 26 8 73 90 45 21 34 95 25 10 3 35 38 57 50 48 49 64 72 41 40 56 23 13 19 36 37 44 46 28 52 42 76 58 60 33 39 31 59 87 
 99 15 12 16 1 95 94 8 19 18 30 4 7 25 32 82 84 70 81 54 56 52 3 66 47 61 48 9 6 28 44 21 86 87 43 26 31 45 27 50 65 41 38 36 39 37 49 79 83 5 62 80 90 98 85 74 0 72 60 53 58 40 59 42 64 68 75 92 89 93 96 67 23 20 100 2 13 14 34 51 57 55 69 63 46 24 29 33 35 17 22 11 10 91 88 76 77 78 73 71 97 
 55 77 90 84 89 63 52 28 64 96 85 100 15 16 18 26 7 83 76 70 81 71 78 79 98 32 36 31 20 23 21 50 58 56 42 22 24 27 93 92 3 2 9 99 94 10 46 47 51 45 69 13 97 39 49 60 74 48 57 40 65 53 17 95 5 4 86 0 6 75 82 43 30 14 1 25 34 29 8 12 19 87 91 88 62 72 61 67 33 38 35 37 44 11 54 59 80 73 68 66 41 
 23 39 25 27 24 29 0 57 68 76 84 89 99 100 94 92 96 97 60 11 6 7 26 46 44 67 10 49 22 38 53 55 80 70 79 2 5 16 13 17 93 4 8 35 41 20 81 73 71 88 75 91 82 87 65 90 40 69 31 37 33 36 32 30 52 45 43 51 56 58 59 61 77 78 85 83 98 47 54 28 74 62 72 50 14 34 18 42 95 9 12 15 19 3 63 86 1 21 66 48 64 
 11 19 22 49 16 17 24 36 34 63 51 31 45 52 25 20 38 32 37 35 2 67 33 90 98 97 96 93 79 70 71 78 80 73 13 40 26 23 56 0 48 46 44 57 55 12 6 5 10 30 65 58 59 72 27 28 88 8 84 83 85 94 18 50 43 3 1 4 76 81 7 9 74 62 91 87 86 89 41 69 42 47 21 75 99 100 29 14 39 64 82 77 61 54 53 60 68 66 92 95 15 
 37 18 65 67 62 81 80 71 79 54 60 95 87 93 92 6 20 36 1 70 49 42 48 45 99 30 15 28 3 90 61 14 59 53 43 57 55 29 39 8 11 17 25 31 74 63 40 32 34 24 26 13 19 16 7 66 100 91 97 75 50 44 41 52 4 86 5 2 84 83 88 73 76 77 78 82 89 85 12 10 96 98 94 9 68 51 35 33 64 69 47 72 56 58 46 22 23 27 21 0 38 
 13 2 21 96 28 52 43 47 100 99 5 3 6 50 20 7 98 29 18 14 19 97 9 11 23 30 33 10 8 25 44 61 42 46 51 68 65 91 88 90 81 78 77 70 57 60 64 24 49 75 95 94 85 84 79 16 12 31 1 17 15 82 76 71 27 86 63 74 59 58 54 55 53 35 32 45 69 66 38 37 56 34 36 39 72 62 22 40 48 26 92 93 80 67 89 87 73 83 4 41 0 
 24 13 38 39 9 15 12 7 27 50 30 3 21 16 97 100 28 26 8 5 6 89 87 70 79 94 19 33 32 85 73 81 77 88 86 53 51 42 63 61 91 23 25 36 48 45 37 0 74 65 99 18 29 69 52 47 72 78 82 83 84 46 64 67 17 10 55 56 41 59 62 75 95 98 96 92 34 40 54 60 22 20 35 31 44 57 11 14 66 49 4 2 93 1 58 43 71 90 76 80 68 
 4 75 14 16 19 62 87 65 86 85 84 61 32 95 23 29 40 67 69 5 74 83 8 43 33 15 36 35 34 66 48 44 39 38 52 47 30 49 45 7 82 60 58 53 57 12 17 92 96 94 98 99 97 89 70 71 64 68 72 55 46 41 13 10 18 42 26 22 91 93 2 9 3 63 76 78 77 81 79 80 73 56 54 100 21 25 50 27 6 1 88 90 11 28 59 31 51 37 24 20 0 
 16 13 14 27 31 39 36 32 35 44 34 47 40 61 81 83 67 57 71 80 70 76 74 38 56 60 91 8 66 89 19 22 33 23 69 79 85 82 86 87 98 95 7 9 93 2 3 64 11 96 94 4 0 52 48 51 37 75 88 84 100 92 1 97 6 21 15 17 54 50 24 5 28 10 90 41 43 99 49 46 45 68 58 59 20 42 63 65 72 62 55 53 73 77 78 26 29 25 30 12 18 
 51 35 77 79 58 56 55 42 40 62 63 43 13 85 88 95 96 64 80 73 81 0 10 20 34 36 28 89 98 1 16 7 48 5 21 75 24 23 11 25 4 9 14 15 92 93 84 3 94 99 97 87 86 52 72 90 68 50 44 32 47 33 30 22 29 12 100 2 49 18 17 82 76 65 91 39 37 66 67 26 6 46 8 19 45 41 61 60 74 57 54 53 71 70 78 83 69 59 31 27 38 
 84 90 68 91 83 74 43 46 17 18 13 38 37 31 69 62 67 9 6 15 95 29 32 33 72 21 40 39 50 87 3 75 85 78 98 89 82 4 23 0 96 94 92 2 8 65 47 34 35 25 7 1 86 19 12 14 16 36 22 93 100 10 73 81 79 80 71 70 54 48 61 64 56 57 20 26 49 77 76 58 66 88 99 97 53 59 60 45 52 42 44 63 55 51 41 27 30 28 24 11 5 
 55 56 60 35 37 31 34 36 82 100 96 99 98 26 63 21 27 32 48 85 83 86 78 47 40 44 41 29 13 16 7 17 58 91 84 95 46 28 19 3 24 89 72 49 38 51 33 67 20 15 18 14 0 42 45 43 75 61 53 54 69 81 71 77 76 73 57 59 64 68 50 4 2 92 10 22 30 11 8 9 97 12 6 74 87 62 88 79 70 5 80 65 66 23 39 25 90 94 93 1 52 
 70 84 1 47 87 95 98 94 81 66 41 72 68 57 59 54 60 78 79 80 83 82 86 100 5 55 90 8 73 76 3 93 97 92 18 34 38 35 63 88 6 85 17 15 25 21 45 51 53 58 56 0 4 24 23 48 49 29 33 31 52 74 43 64 40 2 9 91 62 61 69 32 39 36 37 28 67 65 99 96 7 22 27 89 75 13 20 11 14 12 10 19 16 44 46 50 42 30 26 77 71 
 72 51 68 67 74 28 27 3 4 9 75 45 63 49 16 95 92 85 65 52 24 0 6 10 93 86 83 89 79 71 78 12 42 17 19 31 59 56 60 91 99 5 66 43 62 81 70 1 88 25 58 11 8 21 48 57 54 53 33 23 30 26 82 87 73 77 80 64 46 29 39 36 35 34 32 44 50 20 40 41 76 55 37 38 84 90 22 94 96 100 97 14 15 18 47 98 61 69 7 2 13 
 31 33 38 60 55 2 0 15 13 12 17 18 6 63 72 10 62 74 24 32 51 88 9 1 25 97 95 84 86 98 7 89 85 75 19 23 28 27 30 50 59 57 79 70 71 73 39 22 44 41 83 99 5 14 16 93 4 3 45 49 26 91 100 90 82 53 56 52 67 87 66 69 11 96 94 64 65 61 21 8 20 34 37 29 40 36 80 68 43 48 47 58 54 76 78 77 81 92 46 42 35 
 24 38 31 44 69 50 25 27 5 3 13 12 21 4 8 30 48 55 73 70 79 64 60 57 51 22 45 14 19 15 11 96 88 23 63 65 41 35 34 42 84 85 6 99 93 94 95 89 67 98 39 20 36 28 100 97 2 82 76 68 56 66 74 59 46 49 43 87 78 77 71 83 81 1 9 10 17 47 90 92 62 54 80 29 33 26 18 16 53 58 0 72 32 37 52 40 61 91 86 75 7 
 81 80 77 20 50 73 63 74 14 83 100 93 96 86 47 42 23 43 6 94 79 53 60 57 54 55 2 87 90 67 72 68 98 84 4 41 0 30 58 59 51 49 31 52 3 89 91 88 99 95 7 46 40 22 17 18 48 5 1 26 25 62 61 27 24 13 29 34 78 82 28 15 92 97 11 75 8 39 32 33 35 36 38 12 10 9 85 76 71 44 16 19 45 37 21 65 69 64 66 56 70 
 61 2 93 72 55 71 77 81 79 78 51 58 53 56 64 40 90 83 76 82 74 84 75 4 0 23 69 41 43 38 18 13 100 92 98 88 52 39 5 94 50 25 19 7 35 28 6 3 8 63 85 87 68 49 48 32 29 20 24 21 22 54 27 65 47 36 10 45 62 60 73 70 80 26 16 17 14 15 12 9 1 31 44 42 57 59 46 66 91 89 86 97 99 96 11 34 33 37 30 95 67 
 48 75 7 6 21 64 99 14 4 39 34 68 10 1 3 9 47 43 20 15 12 16 88 83 84 74 61 25 38 30 23 80 76 70 82 32 50 27 85 91 87 90 97 93 95 19 18 13 63 79 78 77 73 53 86 56 55 35 57 81 62 72 17 11 100 92 71 96 2 5 45 49 36 22 26 51 24 67 41 46 59 52 8 0 29 65 69 66 40 42 89 94 98 33 44 58 60 54 31 37 28 
 71 79 73 80 81 77 88 31 84 18 15 11 97 99 26 28 29 0 72 67 89 46 66 63 32 35 22 20 51 24 52 64 5 94 91 7 1 90 62 53 44 40 49 48 41 3 85 87 98 75 56 2 21 61 60 43 74 78 76 69 27 30 36 33 50 42 45 54 58 57 55 68 59 47 38 37 39 34 10 65 92 96 6 25 13 14 16 17 12 93 95 100 8 19 23 9 4 70 83 82 86 
 94 84 81 76 80 68 54 46 34 30 37 35 39 36 21 28 23 61 40 45 50 41 32 38 48 65 43 49 27 98 82 78 71 83 13 18 12 96 87 9 17 24 42 20 44 47 66 72 90 25 33 22 11 6 4 55 59 73 79 75 31 1 97 95 70 77 85 14 16 19 64 62 88 8 74 63 67 89 99 86 52 91 2 3 26 58 57 29 5 69 0 51 56 53 60 7 10 100 92 93 15 
 36 42 52 31 35 93 94 43 59 28 21 26 50 32 88 91 65 66 84 63 51 49 55 61 79 76 47 56 60 77 89 82 58 64 68 18 14 86 83 87 6 40 41 9 4 13 12 17 96 92 95 10 25 23 99 85 81 53 20 29 71 78 69 45 0 74 73 70 80 98 30 44 46 72 57 62 54 48 67 8 75 97 15 11 22 7 1 3 100 90 2 5 37 33 39 27 34 38 19 16 24 
 7 35 24 41 44 74 49 99 80 70 76 77 69 61 72 81 78 79 100 97 96 62 63 65 67 82 87 68 1 14 19 2 93 4 6 95 10 98 94 92 91 83 84 64 23 59 21 15 36 26 75 22 20 25 18 17 11 37 39 31 29 8 9 0 86 42 71 73 43 52 47 48 46 56 34 32 16 12 28 53 66 90 88 60 55 58 27 89 85 13 5 40 54 57 50 45 33 51 38 30 3 
 92 95 98 89 80 60 53 55 47 45 82 61 23 58 56 41 36 46 44 20 67 75 63 78 83 87 94 22 29 42 62 4 8 12 7 32 33 30 66 38 24 18 17 35 31 50 51 52 49 69 11 6 91 3 2 19 84 79 81 77 76 73 99 100 90 40 48 37 34 21 88 10 26 14 15 28 43 9 13 5 1 93 25 39 16 97 96 85 65 54 57 68 72 74 86 70 71 0 27 64 59 
 100 80 81 91 88 85 61 42 54 73 78 77 70 76 51 90 89 31 27 28 48 38 11 2 94 99 10 7 50 58 52 41 46 37 33 32 29 19 12 45 40 21 97 36 30 1 20 69 57 68 25 13 18 17 82 71 79 62 66 87 15 83 75 8 6 39 49 60 55 64 72 65 56 53 63 22 3 16 14 34 35 5 24 9 98 0 43 86 84 23 26 47 59 67 4 74 44 95 92 93 96 
 59 64 91 85 83 49 44 21 41 12 19 98 81 52 50 67 3 99 100 95 18 13 14 15 29 39 48 42 17 34 40 45 46 23 16 97 75 37 96 28 25 10 8 6 24 20 22 27 72 90 89 76 71 80 78 4 87 84 61 66 56 54 86 62 65 68 70 79 82 0 63 55 57 5 1 26 58 53 36 38 33 30 93 92 94 35 32 31 51 60 73 77 88 2 7 9 11 74 69 43 47 
 20 28 35 38 33 32 31 51 65 68 56 40 27 10 8 5 74 41 62 67 88 82 70 78 1 96 77 86 49 57 64 4 100 71 79 81 73 80 84 76 25 45 29 15 13 14 16 24 21 39 54 53 23 75 46 36 19 9 6 7 17 18 47 3 91 48 44 2 98 93 85 87 83 95 92 97 94 99 12 30 90 66 61 58 55 50 42 26 22 63 69 72 59 60 0 89 11 52 37 34 43 
 11 18 14 75 91 84 100 0 28 30 16 34 27 72 59 65 82 92 95 93 94 96 87 58 60 57 64 78 81 62 97 85 42 53 67 35 37 29 4 2 10 36 15 17 19 74 66 31 50 33 39 40 47 24 20 46 44 76 71 73 77 70 83 88 3 5 68 23 69 6 13 63 89 90 99 12 45 61 55 54 56 22 26 38 32 21 25 48 51 43 49 86 98 7 1 8 9 80 79 41 52 
 44 51 61 69 74 66 86 73 76 71 13 26 23 28 24 94 65 47 46 52 40 43 89 72 20 49 21 38 39 53 2 11 14 17 33 35 32 31 34 10 4 84 82 96 36 59 57 55 48 9 75 27 29 42 50 18 19 37 60 56 45 68 6 22 1 90 97 7 85 0 87 16 8 67 64 63 5 54 58 70 77 80 81 25 30 15 12 88 91 93 92 95 79 78 83 98 99 100 3 62 41 
 78 48 23 28 27 46 96 1 18 19 49 72 40 52 34 85 20 90 92 86 57 58 41 24 94 12 7 89 91 88 84 79 54 56 63 39 26 5 6 11 14 15 35 25 65 61 53 51 45 66 17 16 81 82 87 21 80 77 93 2 3 97 99 69 60 74 67 31 9 4 10 33 38 36 22 30 29 13 75 8 43 44 59 55 37 50 47 42 32 71 76 73 70 62 0 100 95 98 68 64 83 
 10 11 28 22 18 39 31 24 65 0 96 9 70 79 71 73 92 100 99 41 64 53 59 55 74 54 38 26 90 62 93 94 5 32 35 20 21 50 91 88 98 8 83 85 86 84 27 87 95 89 48 58 78 81 76 77 57 68 29 15 14 16 97 82 67 66 69 13 3 4 7 40 61 33 36 34 60 56 42 37 30 19 72 80 46 6 17 12 1 25 23 44 63 51 47 52 45 49 43 2 75 
 54 50 32 89 63 65 59 55 53 35 36 52 84 87 83 20 30 13 29 74 51 41 43 31 38 95 94 70 80 1 10 91 98 97 12 3 67 68 78 77 76 88 86 61 90 92 85 82 73 79 71 81 57 27 4 75 64 5 24 22 28 26 7 8 14 2 19 16 17 15 100 96 6 23 21 40 25 49 34 60 44 72 56 58 39 37 33 45 42 46 47 18 0 48 69 66 62 99 93 9 11 
 31 44 30 6 19 12 13 3 90 5 92 98 85 72 1 45 0 46 35 33 37 69 7 23 52 24 95 97 75 2 27 8 54 57 56 55 60 64 17 10 11 15 18 16 99 88 84 66 87 63 49 65 61 59 25 34 43 62 82 77 70 73 53 41 51 50 32 29 36 91 40 68 22 20 9 96 74 81 76 94 100 14 39 48 47 58 42 4 89 86 83 93 78 71 79 80 67 26 21 28 38 
 10 19 18 15 33 35 28 8 13 99 83 82 16 96 88 62 45 68 40 64 91 100 97 67 94 4 52 56 70 92 86 98 14 30 47 95 2 49 48 31 32 34 63 1 65 59 54 51 46 69 50 41 75 0 26 21 72 89 7 6 22 43 27 36 25 20 17 12 11 9 3 24 38 39 37 44 42 53 29 90 85 74 81 80 60 58 57 55 61 71 77 76 78 73 87 84 79 66 23 93 5 
 84 87 94 2 3 99 44 40 58 55 56 13 11 41 42 10 19 0 22 75 16 9 81 73 79 71 77 80 85 15 14 12 8 82 76 90 100 27 21 69 98 6 5 45 59 24 26 25 33 57 54 53 60 61 72 78 70 4 96 88 86 89 46 17 91 43 74 35 32 62 48 51 65 67 20 31 52 66 68 64 63 93 50 36 39 37 18 30 28 49 34 38 29 47 23 1 83 95 7 92 97 
 32 4 14 45 34 33 36 84 92 97 17 13 30 27 7 66 78 81 69 73 76 80 79 70 44 35 50 51 21 22 29 65 3 54 41 60 55 40 6 74 89 83 82 85 2 9 20 25 26 37 28 75 19 15 10 23 1 5 48 43 49 68 58 59 53 52 93 42 62 8 47 56 57 64 61 87 71 77 90 98 99 63 0 86 88 91 67 46 16 31 38 39 24 72 95 94 96 11 100 12 18 
 87 91 45 50 46 21 35 38 32 37 71 80 34 31 43 67 82 3 89 72 62 49 25 59 42 4 9 16 5 6 1 86 95 69 28 22 47 70 85 65 57 63 41 30 26 83 88 90 51 54 58 53 60 56 74 66 76 73 55 52 29 2 8 15 12 36 48 33 75 24 39 13 92 100 97 27 23 14 99 94 0 20 7 11 40 44 64 68 61 84 79 81 78 77 98 93 96 18 19 17 10 
 95 16 19 6 5 3 51 56 53 40 17 26 23 20 93 98 90 67 64 52 35 37 2 83 80 82 85 84 59 65 41 28 21 96 100 99 91 25 75 8 9 10 11 46 72 0 63 45 39 34 30 43 47 42 50 27 60 54 66 18 15 13 97 4 61 49 69 68 62 48 22 38 29 92 86 89 88 76 58 36 24 7 1 87 71 79 77 70 73 78 74 55 57 14 12 33 31 32 44 81 94 
 36 26 48 51 49 42 17 19 12 16 10 39 56 58 60 53 74 72 11 37 34 67 0 52 61 82 90 77 76 73 71 70 98 99 57 62 55 54 86 23 40 80 81 78 66 41 3 96 97 92 100 75 8 79 91 88 29 27 21 5 20 69 59 84 83 4 6 13 93 85 1 24 43 44 25 63 68 89 46 45 7 9 28 30 32 65 64 35 15 22 31 50 95 94 87 2 14 18 47 38 33 
 28 33 32 7 100 35 37 31 21 46 20 82 92 29 39 19 23 15 14 6 2 55 59 62 44 49 22 24 4 91 89 64 34 45 72 8 97 83 56 77 85 87 61 48 51 67 73 81 84 76 41 47 54 63 75 9 11 96 93 99 16 13 1 36 50 30 12 98 88 10 0 65 40 42 68 60 27 53 58 69 25 38 26 66 74 78 57 52 43 90 86 80 70 79 71 95 17 18 94 3 5 
 24 25 28 29 7 12 14 18 23 22 49 50 51 62 91 86 27 17 6 38 36 16 95 34 64 0 11 10 8 26 72 63 61 66 94 96 97 89 80 77 73 70 71 76 83 60 57 53 58 98 99 3 4 5 2 20 69 45 43 37 39 32 30 21 67 19 15 13 1 93 92 81 41 59 55 68 33 52 54 74 100 85 90 82 75 88 87 46 31 35 42 79 78 47 44 56 48 65 84 9 40 
 16 22 13 89 69 52 21 11 9 34 8 5 1 64 40 48 43 90 81 76 51 53 72 0 2 87 84 50 27 41 68 56 54 47 6 20 77 70 12 17 19 29 45 49 85 93 91 95 97 98 71 82 88 83 32 60 58 42 44 37 23 26 35 33 36 46 31 18 92 99 65 100 28 74 25 30 24 57 61 62 63 67 94 96 86 75 3 4 66 14 38 39 10 7 59 55 80 78 73 79 15 
 60 53 90 87 77 71 86 0 20 66 4 98 6 13 17 14 51 1 64 27 15 38 45 67 65 61 91 23 75 34 35 69 28 25 18 12 16 24 21 32 26 62 29 44 42 8 11 7 97 99 95 85 2 5 19 37 36 39 50 43 56 58 49 47 33 31 30 92 93 94 73 80 78 3 96 89 55 59 54 41 46 48 40 63 74 82 88 100 83 84 22 9 10 70 76 57 52 72 79 81 68 
 85 89 42 52 25 22 75 4 28 32 37 47 41 66 20 24 35 39 49 34 27 65 11 87 72 57 58 56 45 64 30 7 21 78 79 73 76 86 6 19 31 10 38 68 50 36 48 51 59 53 43 3 9 92 90 70 71 81 77 17 63 33 2 93 95 14 13 74 0 26 97 94 67 62 69 5 1 8 96 84 88 80 55 54 61 44 82 83 46 23 29 100 98 99 16 12 18 15 40 60 91 
 33 25 62 65 55 61 84 0 63 78 85 71 77 74 13 8 98 68 43 48 22 7 100 93 97 86 3 10 26 4 2 5 44 49 37 54 58 56 69 41 72 59 57 35 32 46 42 47 50 51 20 23 29 27 88 11 39 18 60 53 45 64 73 70 89 87 82 83 14 15 16 19 17 12 9 21 36 38 40 66 75 91 67 92 94 1 34 28 6 30 90 99 96 95 76 81 79 80 52 24 31 
 33 25 62 65 55 61 84 0 63 78 85 71 77 74 13 8 98 68 43 48 22 7 100 93 97 86 3 10 26 4 2 5 44 49 37 54 58 56 69 41 72 59 57 35 32 46 42 47 50 51 20 23 29 27 88 11 39 18 60 53 45 64 73 70 89 87 82 83 14 15 16 19 17 12 9 21 36 38 40 66 75 91 67 92 94 1 34 28 6 30 90 99 96 95 76 81 79 80 52 24 31 
 94 78 81 54 34 39 25 30 15 1 89 85 71 44 46 28 37 38 48 55 51 43 57 60 59 45 23 31 32 24 41 50 47 66 79 82 70 68 52 99 11 22 64 74 0 9 18 90 42 63 56 58 7 26 27 80 62 61 91 6 8 2 88 100 98 3 19 17 33 29 16 12 75 10 21 36 40 49 35 20 69 53 72 67 65 84 86 5 93 92 13 14 4 76 77 73 83 87 95 96 97 
 50 68 46 66 61 32 35 33 52 30 15 98 85 83 76 78 79 80 72 43 8 6 26 48 41 86 88 89 95 4 97 62 69 74 58 53 25 23 29 13 19 12 16 14 17 10 5 45 42 31 36 39 34 60 44 20 2 99 84 9 22 21 55 57 49 47 28 18 27 75 1 90 87 64 59 54 77 82 70 73 67 65 63 56 51 96 92 94 71 81 91 7 24 0 11 93 40 38 37 3 100 
 75 10 0 69 48 50 37 18 92 84 99 3 13 31 60 56 58 53 79 78 77 70 88 83 98 19 9 22 23 42 64 89 91 86 1 5 4 85 97 100 96 8 49 26 15 20 67 65 72 81 80 74 2 87 17 46 45 33 34 32 38 47 41 68 39 36 44 51 30 16 27 24 28 29 35 52 40 55 43 57 54 59 63 11 14 6 76 73 71 82 90 25 21 12 7 95 94 93 62 61 66 
 75 10 0 69 48 50 37 18 92 84 99 3 13 31 60 56 58 53 79 78 77 70 88 83 98 19 9 22 23 42 64 89 91 86 1 5 4 85 97 100 96 8 49 26 15 20 67 65 72 81 80 74 2 87 17 46 45 33 34 32 38 47 41 68 39 36 44 51 30 16 27 24 28 29 35 52 40 55 43 57 54 59 63 11 14 6 76 73 71 82 90 25 21 12 7 95 94 93 62 61 66 
 23 41 46 53 55 59 63 39 10 21 54 40 64 81 77 82 84 86 79 73 78 61 74 62 69 66 31 75 4 65 68 72 51 50 49 36 28 56 57 80 60 58 47 43 11 83 71 85 3 1 6 98 91 100 27 35 33 22 44 45 38 37 26 25 30 67 48 20 19 12 18 13 7 95 90 8 52 17 14 99 9 16 15 34 24 0 96 97 94 93 92 2 89 87 42 32 5 88 76 70 29 
 38 54 74 56 53 59 60 42 25 99 96 85 100 28 35 51 44 58 55 57 26 20 9 17 10 3 24 34 39 36 52 48 47 61 73 76 29 75 66 32 37 33 43 45 65 12 93 95 6 71 70 79 77 86 88 69 81 80 49 0 27 50 30 16 18 7 5 89 92 97 98 87 83 82 91 1 67 14 19 15 13 23 84 90 64 40 72 11 21 22 31 41 78 62 2 94 4 8 63 68 46 
 66 70 76 74 40 10 92 97 100 14 16 30 36 29 83 85 90 60 53 72 69 86 26 33 34 24 51 44 3 8 88 94 95 98 99 13 12 17 20 22 43 45 46 65 23 75 9 62 68 56 55 58 57 6 1 15 18 37 38 50 19 93 87 78 81 89 96 52 42 63 47 41 73 64 59 54 48 27 35 31 91 71 77 80 79 84 82 49 61 0 21 25 11 4 2 5 7 28 32 39 67 
 19 12 10 91 6 27 49 55 38 37 34 17 16 14 93 87 5 99 26 9 1 7 36 39 35 30 29 61 72 86 57 62 65 80 88 4 75 21 89 71 70 81 78 52 43 45 68 66 8 13 11 24 47 64 56 60 69 51 25 28 46 50 40 59 44 42 63 74 94 92 95 85 73 77 76 79 97 96 90 82 84 2 32 15 23 31 33 41 48 0 83 54 53 58 67 20 22 100 98 3 18 
 32 37 67 27 15 90 83 80 78 82 92 98 14 16 26 20 23 3 6 62 59 53 58 51 45 50 65 0 87 89 84 42 49 46 22 38 39 36 41 91 94 88 64 74 61 70 71 79 66 77 76 99 7 5 2 35 34 33 10 72 21 28 25 30 85 86 12 9 100 75 69 68 55 48 29 18 31 24 44 81 73 97 95 93 96 13 11 8 56 60 54 57 43 52 1 4 63 40 47 17 19 
 32 37 67 27 15 90 83 80 78 82 92 98 14 16 26 20 23 3 6 62 59 53 58 51 45 50 65 0 87 89 84 42 49 46 22 38 39 36 41 91 94 88 64 74 61 70 71 79 66 77 76 99 7 5 2 35 34 33 10 72 21 28 25 30 85 86 12 9 100 75 69 68 55 48 29 18 31 24 44 81 73 97 95 93 96 13 11 8 56 60 54 57 43 52 1 4 63 40 47 17 19 
 32 37 67 27 15 90 83 80 78 82 92 98 14 16 26 20 23 3 6 62 59 53 58 51 45 50 65 0 87 89 84 42 49 46 22 38 39 36 41 91 94 88 64 74 61 70 71 79 66 77 76 99 7 5 2 35 34 33 10 72 21 28 25 30 85 86 12 9 100 75 69 68 55 48 29 18 31 24 44 81 73 97 95 93 96 13 11 8 56 60 54 57 43 52 1 4 63 40 47 17 19 
 83 84 89 78 79 70 71 1 86 99 2 91 65 62 55 45 33 34 40 74 72 7 17 24 19 9 11 97 92 98 43 66 73 77 76 80 81 90 35 64 61 47 29 38 37 31 56 68 63 32 39 36 22 59 41 51 75 6 46 82 30 21 27 18 16 12 85 88 87 52 58 54 50 25 20 67 42 60 53 48 4 8 94 93 95 96 100 14 15 3 5 13 28 26 23 10 0 69 57 49 44 
 28 24 41 34 27 8 67 4 7 97 95 85 98 68 64 59 0 38 31 54 56 53 79 71 74 62 61 45 11 3 99 43 47 22 52 58 60 21 29 50 26 36 75 5 30 32 33 90 72 57 44 17 10 9 100 94 92 96 83 87 20 66 42 69 35 12 15 89 2 93 86 73 78 77 76 84 6 16 14 1 63 46 91 88 19 13 18 37 39 49 51 48 25 23 65 40 55 70 80 81 82 
 98 88 94 7 11 41 68 76 78 100 93 99 96 86 63 49 43 58 55 67 66 69 21 2 8 16 13 95 4 85 77 80 57 31 64 61 44 47 72 5 3 97 83 75 89 81 70 91 87 23 27 48 40 32 42 53 54 60 50 26 28 33 34 0 90 20 18 14 22 51 29 35 37 24 74 71 79 73 82 84 56 62 1 10 9 6 45 59 46 17 12 25 39 36 38 52 65 30 19 15 92 
 91 82 41 65 43 24 5 13 11 10 22 25 32 56 72 93 19 28 96 99 92 6 17 78 81 84 95 66 74 55 45 50 26 20 62 61 69 80 73 70 79 87 4 8 21 98 100 94 88 90 60 54 67 86 89 85 7 71 77 83 75 29 31 39 35 49 58 57 33 34 27 36 51 42 48 52 47 68 76 97 9 1 3 2 18 37 38 12 16 14 15 0 63 64 46 53 59 40 44 23 30 
 71 80 10 66 56 59 48 79 70 78 63 67 24 23 52 37 69 61 68 22 27 25 4 8 28 11 6 100 88 82 83 89 90 72 53 40 31 81 73 34 51 33 32 49 41 50 29 16 14 19 35 3 9 7 18 17 95 92 86 39 46 12 30 43 20 13 15 96 84 87 91 21 26 65 76 5 1 2 75 98 97 94 85 64 44 57 54 55 47 42 45 36 38 60 58 93 99 0 74 62 77 
 4 1 88 83 82 90 63 67 68 36 38 49 30 8 26 28 21 52 58 77 87 16 14 97 71 76 91 84 44 72 51 69 0 45 41 39 37 35 33 60 56 54 78 89 2 92 7 75 25 32 31 24 29 27 46 50 55 40 53 79 80 70 85 86 66 62 42 65 47 43 74 73 81 48 57 61 64 59 13 12 18 5 10 15 17 20 22 34 11 6 9 19 98 94 96 99 95 23 3 93 100 
 20 78 79 87 82 84 26 1 7 18 32 22 30 34 15 27 43 47 68 40 50 0 5 3 9 19 23 77 70 71 81 29 57 38 12 16 2 10 33 37 35 54 46 58 51 52 24 97 89 98 95 83 91 99 96 100 85 72 64 88 90 93 63 31 36 39 48 59 61 67 74 69 25 44 49 42 66 21 8 75 17 28 65 62 86 80 76 73 92 94 6 41 55 4 11 13 14 53 60 56 45 
 20 78 79 87 82 84 26 1 7 18 32 22 30 34 15 27 43 47 68 40 50 0 5 3 9 19 23 77 70 71 81 29 57 38 12 16 2 10 33 37 35 54 46 58 51 52 24 97 89 98 95 83 91 99 96 100 85 72 64 88 90 93 63 31 36 39 48 59 61 67 74 69 25 44 49 42 66 21 8 75 17 28 65 62 86 80 76 73 92 94 6 41 55 4 11 13 14 53 60 56 45 
 21 13 14 96 100 23 33 52 79 80 65 30 28 22 10 31 43 67 85 94 97 51 41 72 40 69 90 82 86 63 59 47 16 18 98 76 70 95 88 83 84 73 81 77 9 25 29 55 74 11 93 92 1 4 7 6 3 38 37 35 34 24 42 91 87 50 32 12 15 19 17 8 75 27 62 54 89 78 71 61 66 20 26 49 39 46 0 45 56 60 57 44 2 99 5 64 68 58 53 48 36 
 21 13 14 96 100 23 33 52 79 80 65 30 28 22 10 31 43 67 85 94 97 51 41 72 40 69 90 82 86 63 59 47 16 18 98 76 70 95 88 83 84 73 81 77 9 25 29 55 74 11 93 92 1 4 7 6 3 38 37 35 34 24 42 91 87 50 32 12 15 19 17 8 75 27 62 54 89 78 71 61 66 20 26 49 39 46 0 45 56 60 57 44 2 99 5 64 68 58 53 48 36 
 94 16 12 2 76 81 65 0 15 28 67 64 61 62 8 24 14 90 84 88 82 56 49 46 51 63 79 71 86 77 78 70 9 13 100 93 98 21 29 25 52 34 43 22 69 54 45 39 50 47 1 96 74 72 60 59 66 18 99 91 97 92 73 80 83 42 31 37 36 32 41 20 27 68 58 53 26 30 4 10 95 85 48 44 38 35 17 19 6 40 57 55 3 7 5 87 89 11 33 23 75 
 98 8 9 11 91 46 51 32 16 12 14 97 93 100 90 82 70 96 66 35 19 24 22 62 44 41 59 60 58 45 33 34 49 40 74 64 72 69 85 79 80 78 71 76 86 95 99 7 61 31 53 55 57 29 3 20 26 5 87 94 92 1 39 42 36 52 56 54 83 88 23 25 28 17 18 30 63 43 67 6 0 89 65 68 47 50 10 75 84 81 77 73 2 4 21 13 15 38 37 48 27 
 81 79 80 45 55 58 31 39 78 73 76 82 84 89 10 27 20 5 87 42 52 95 92 94 93 13 1 97 49 47 44 24 33 50 63 0 65 43 68 35 29 28 21 96 85 86 90 99 4 12 14 30 37 46 70 71 77 40 59 60 62 91 67 41 18 9 22 3 64 56 48 26 23 6 98 72 61 51 2 75 25 32 38 36 34 8 16 88 66 69 74 53 54 57 7 11 17 15 19 100 83 
